0 0.506250 0.295000 0.025000 0.013333
0 0.158750 0.485000 0.025000 0.013333
0 0.442500 0.171667 0.025000 0.013333
0 0.168750 0.510000 0.025000 0.013333
0 0.411250 0.125000 0.025000 0.013333
2 0.626875 0.343333 0.021250 0.013333
2 0.306875 0.651667 0.021250 0.013333
4 0.256875 0.439167 0.373750 0.461667
4 0.345625 0.220000 0.113750 0.336667
4 0.312500 0.624167 0.427500 0.641667
4 0.577500 0.453333 0.545000 0.176667
4 0.690625 0.430000 0.216250 0.770000
4 0.360625 0.475000 0.388750 0.393333
4 0.631875 0.300833 0.498750 0.495000