0 0.785000 0.556667 0.025000 0.013333
0 0.118750 0.376667 0.025000 0.013333
0 0.661250 0.838333 0.025000 0.013333
0 0.761250 0.721667 0.025000 0.013333
0 0.618750 0.475000 0.025000 0.013333
2 0.429375 0.468333 0.021250 0.013333
4 0.546250 0.075000 0.850000 0.066667
4 0.696875 0.584167 0.566250 0.785000
4 0.693125 0.145833 0.068750 0.255000
4 0.430625 0.133333 0.143750 0.120000
4 0.784375 0.470000 0.378750 0.816667
4 0.862500 0.331667 0.247500 0.520000
4 0.425000 0.783333 0.747500 0.283333
4 0.211875 0.765833 0.121250 0.348333