0 0.490000 0.543333 0.025000 0.013333
0 0.583750 0.365000 0.025000 0.013333
0 0.508750 0.448333 0.025000 0.013333
0 0.211250 0.236667 0.025000 0.013333
0 0.226250 0.793333 0.025000 0.013333
2 0.770625 0.473333 0.021250 0.013333
4 0.837500 0.400833 0.322500 0.555000
4 0.593125 0.203333 0.018750 0.200000
4 0.261875 0.285000 0.468750 0.123333
4 0.530625 0.318333 0.698750 0.120000
4 0.260000 0.326667 0.062500 0.520000
4 0.618125 0.733333 0.371250 0.310000
4 0.198750 0.422500 0.125000 0.255000
4 0.818125 0.315000 0.076250 0.130000