0 0.651250 0.741667 0.025000 0.013333
0 0.446250 0.136667 0.025000 0.013333
0 0.530000 0.083333 0.025000 0.013333
0 0.141250 0.126667 0.025000 0.013333
0 0.410000 0.868333 0.025000 0.013333
2 0.676875 0.475000 0.021250 0.013333
2 0.649375 0.365000 0.021250 0.013333
2 0.504375 0.568333 0.021250 0.013333
4 0.260625 0.490000 0.013750 0.500000
4 0.485000 0.594167 0.215000 0.421667
4 0.355000 0.365000 0.312500 0.543333
4 0.044375 0.137500 0.021250 0.275000
4 0.484375 0.360833 0.163750 0.635000
4 0.291875 0.610833 0.146250 0.341667